a = 736.3416020016272
b = 70183.96136719537
R2 = 0.9999931519118631
